(array([ 42,  43,  44,  45,  46,  47,  48,  49,  50,  51,  52,  53,  54,
        55,  56,  57,  58,  59,  60,  61,  62,  63,  64,  65,  66,  67,
        68,  69,  70,  71,  72,  73,  74--KeyboardInterrupt--
(Pdb) 80,
        81,  82,  83,  84,  85,  86,  87,  88,  89,  90,  91,  92,  93,
        94,  95,  96,  97,  98,  99, 100, 101, 102, 103, 104, 105, 106,
       107, 108, 109, 110, 111, 112, 113, 114, 115, 116, 117, 118, 119,
       120, 121, 122, 123, 124, 125, 126, 127, 128, 129, 130, 131, 132,
       133, 134, 135, 136, 137, 138, 139, 140, 141, 142, 143, 144, 145,
       146, 147, 148, 149, 150, 151, 152, 153, 154, 155, 156, 157, 158,
       159, 160, 161, 162, 163, 164, 165, 166, 167, 168, 169, 170, 171,
       172, 173, 174, 175, 176, 177, 178, 179, 180, 181, 182, 183, 184,
       185, 186, 187, 188, 189, 190, 191, 192, 193, 194, 195, 196, 197,
       198, 199, 200, 201, 202, 203, 204, 205, 206, 207, 208, 209, 210,
       211, 212, 213, 214, 215, 216, 217, 218, 219, 220, 221, 222]), array([    150,     393,     331,     296,     343,     298,     243,
           250,     237,     263,     241,     292,     360,     473,
           481,     428,     420,     423,     630,     969,    1373,
          1677,    2412,    2813,    3688,    4591,    5866,    6557,
          9242,   13417,   19831,   22475,   31679,   80549,  118636,
        108717,  104934,  113312,  139195,  181815,  238185,  258108,
        276493,  330545,  417227,  404608,  465502,  604667,  688041,
        822114,  976407, 1334070, 1450003, 1838244, 5848205, 2802344,
       1796879, 1433562, 1355643, 1095214,  854885,  752867,  749416,
        705163,  539777,  496968,  433944,  437955,  385435,  308404,
        305671,  275308,  281772,  249634,  211306,  208083,  201153,
        203010,  183641,  158358,  144501,  135768,  128680,  126595,
        117728,  105151,   99764,   98092,   92770,   88236,   80749,
         72452,   70883,   66936,   64402,   56462,   52556,   48485,
         49179,   46804,   42659,   39286,   33664,   30230,   28062,
         25900,   23550,   22260,   20899,   20516,   20805,   23267,
         20601,   17487,   16335,   15024,   14356,   13271,   12065,
         11956,   11516,   11646,   11676,   10863,   10283,    9693,
          9152,    9248,    9345,    8736,    8375,    7888,    7179,
          6752,    6135,    5816,    6174,    6190,    5740,    6070,
          6147,    5920,    6203,    6274,    5821,    6066,    5602,
          5303,    5124,    4626,    4069,    3783,    3288,    2597,
          2230,    2041,    1913,    1790,    1903,    2255,    2368,
          2141,    1978,    1957,    1762,    1702,    1434,     743,
           560,     433,     350,     244,     218,     246,     188,
            87,      69,      48,      66,      99,      42]))
(array([ 11,  12,  13,  14,  15,  16,  17,  18,  19,  20,  21,  22,  23,
        24,  25,  26,  27,  28,  29,  30,  31,  32,  33,  34,  35,  36,
        37,  38,  39,  40,  41,  42,  43,  44,  45,  46,  47,  48,  49,
        50,  51,  52,  53,  54,  55,  56,  57,  58,  59,  60,  61,  62,
        63,  64,  65,  66,  67,  68,  69,  70,  71,  72,  73,  74,  75,
        76,  77,  78,  79,  80,  81,  82,  83,  84,  85,  86,  87,  88,
        89,  90,  91,  92,  93,  94,  95,  96,  97,  98,  99, 100, 101,
       102, 103, 104, 105, 106, 107, 108, 109, 110, 111, 112, 113, 114,
       115, 116, 117, 118, 119, 120, 121, 122, 123, 124, 125, 126, 127,
       128, 129, 130, 131, 132, 133, 134, 135, 136, 137, 138, 139, 140,
       141, 142, 143, 144, 145, 146, 147, 148, 149, 150, 151, 152, 153,
       154, 155, 156, 157, 158, 159, 160, 161, 162, 163, 164, 165, 166,
       167, 168, 169, 170, 171, 172, 173, 174, 175, 176, 177, 178, 179,
       180, 181, 182, 183, 184, 185, 186, 187, 188, 189, 190, 191, 192,
       193, 194, 195, 196, 197, 198, 199, 200, 201, 202, 203, 204, 205,
       206, 207, 208, 209, 210, 211, 212, 213, 214, 215, 216, 217, 218,
       219, 220, 221, 222, 223, 224, 225, 226, 227, 228, 229, 230, 231,
       232, 233, 234, 235, 236, 237, 238, 239]), array([      6,      13,      19,      23,      40,      32,      36,
            37,      39,      70,      57,      65,      72,      86,
           113,      89,     103,     108,     127,     154,     237,
           414,     662,     798,     558,     697,     619,     644,
           623,     733,     773,     793,     755,     680,     704,
           705,     730,    1045,    1399,    1999,    3422,    4412,
          5201,    5037,    5372,    7298,    7055,    8239,   10902,
         12772,   10681,   11206,   11866,   12013,   13923,   12270,
         13027,   13597,   12550,   11739,   14189,   11873,   10498,
         10897,   20750,   17292,   23140,   26779,   24460,   23289,
         22718,   19690,   16937,   22371,   20746,   23748,   24282,
         23614,   26116,   30483,   35976,   41361,   52017,   36236,
         41628,   45574,   59065,   60545,   59133,   62159,   57471,
         62463,   60072,   57409,   56514,   58935,   62220,   73051,
         80128,   80984,   87845,  106874,  120230,  121413,  136541,
        135266,  138626,  150385,  152590,  184459,  207276,  244715,
        223958,  216273,  245323,  318340,  369139,  421150,  423706,
        433559,  510632,  679318,  837273,  861519, 1030871, 3270446,
       1803125, 1347921, 1169534, 1074224,  889252,  826298,  799813,
        788169,  751541,  685961,  594292,  565907,  560407,  540514,
        489468,  454817,  442324,  436124,  429991,  428677,  406619,
        373814,  360833,  351536,  337904,  313525,  300872,  287033,
        274669,  271822,  264376,  258422,  252952,  241671,  224200,
        209425,  196024,  182171,  168921,  157211,  148648,  139384,
        132780,  125128,  119501,  112189,  105056,   96816,   87003,
         75080,   69520,   62958,   57073,   50859,   46855,   43647,
         40757,   38830,   36864,   34646,   32455,   29449,   24421,
         19215,   16846,   14513,   13000,   12040,   11572,   11265,
         11622,   11858,   11295,   10120,    8591,    7114,    6274,
          5046,    4803,    4563,    3923,    3423,    3139,    2886,
          2747,    2648,    2425,    2215,    2296,    1284,     534,
           397,     276,     231,     206,     194,     175,     137,
           132,      97,     187,      97,      21]))
